<?xml version="1.0" standalone="no"?>
<!DOCTYPE svg PUBLIC "-//W3C//DTD SVG 20010904//EN"
 "http://www.w3.org/TR/2001/REC-SVG-20010904/DTD/svg10.dtd">
<svg version="1.0" xmlns="http://www.w3.org/2000/svg"
 width="640.000000pt" height="1280.000000pt" viewBox="0 0 640.000000 1280.000000"
 preserveAspectRatio="xMidYMid meet">
<metadata>
Created by potrace 1.15, written by Peter Selinger 2001-2017
</metadata>
<g transform="translate(0.000000,1280.000000) scale(0.100000,-0.100000)"
fill="#000000" stroke="none">
<path d="M1935 12793 c-71 -8 -214 -48 -286 -78 -212 -89 -396 -269 -512 -500
-71 -140 -142 -377 -169 -562 -19 -128 -16 -459 6 -618 65 -480 235 -1040 503
-1653 l75 -173 -139 -207 c-677 -1004 -1002 -1818 -1110 -2775 -23 -206 -23
-660 0 -829 85 -623 251 -1088 552 -1548 492 -750 1210 -1194 2140 -1325 338
-47 607 -44 1033 11 l52 7 0 -129 c-1 -892 -282 -1552 -800 -1879 -186 -117
-359 -167 -585 -168 -314 -1 -606 104 -883 320 -88 69 -262 230 -262 243 0 4
17 11 38 15 63 11 182 64 253 111 141 94 266 271 309 440 27 105 27 263 0 370
-56 220 -197 392 -405 494 -203 99 -393 106 -624 21 -361 -132 -552 -398 -497
-690 33 -174 140 -427 273 -646 464 -762 1311 -1177 2049 -1005 661 154 1147
729 1303 1540 43 226 55 380 56 706 l0 311 105 32 c58 18 152 52 210 76 58 24
141 58 185 75 258 101 551 300 738 501 497 532 684 1271 511 2008 -113 479
-400 981 -729 1274 -215 191 -425 332 -690 462 -191 94 -311 141 -489 189
-452 124 -926 110 -1323 -39 -36 -14 -67 -25 -68 -25 -2 0 -67 123 -146 273
-78 149 -237 448 -352 662 -115 215 -254 476 -309 580 l-98 190 57 85 c123
181 235 337 475 662 558 758 732 1062 833 1457 39 152 49 235 49 401 0 303
-78 564 -242 809 -151 228 -414 418 -674 490 -128 35 -294 49 -413 34z m213
-169 c244 -49 440 -174 592 -376 155 -205 230 -461 217 -738 -18 -362 -170
-694 -520 -1140 -355 -452 -446 -570 -615 -797 -103 -138 -190 -252 -193 -252
-9 -1 -148 316 -227 514 -163 409 -290 850 -363 1260 -46 258 -35 659 23 830
30 89 112 244 170 322 154 208 365 344 596 383 81 13 239 11 320 -6z m-478
-3467 c0 -5 -4 -5 -10 -2 -5 3 -10 14 -10 23 0 15 2 15 10 2 5 -8 10 -19 10
-23z m353 -902 c88 -170 258 -503 378 -739 l217 -428 -30 -17 c-66 -36 -206
-125 -258 -164 -92 -70 -421 -406 -498 -509 -200 -267 -282 -545 -282 -955 0
-194 16 -272 119 -562 103 -290 175 -409 391 -646 439 -482 950 -764 1473
-816 98 -9 307 -3 307 10 0 3 -114 78 -253 165 -532 336 -605 389 -819 594
-276 265 -438 556 -510 917 -32 156 -31 415 1 564 78 366 268 647 556 822 37
22 68 39 70 37 19 -20 307 -688 436 -1012 446 -1117 689 -2026 745 -2782 6
-90 6 -91 -17 -97 -45 -12 -463 -7 -612 8 -608 59 -1132 250 -1557 568 -121
90 -309 274 -413 402 -373 462 -609 1094 -667 1783 -16 189 -13 662 5 837 81
795 342 1497 874 2353 l95 154 44 -89 c24 -48 116 -227 205 -398z m1831 -1604
c458 -94 857 -330 1281 -755 513 -515 724 -1248 554 -1921 -105 -412 -368
-804 -695 -1034 -183 -129 -349 -202 -571 -251 -130 -28 -133 -28 -133 18 0
102 -54 470 -106 716 -163 781 -548 1862 -1036 2906 -60 129 -112 242 -115
251 -5 18 81 47 217 74 119 23 126 23 320 20 136 -3 211 -9 284 -24z"/>
</g>
</svg>
